
10245

16389

10247

2059

6161

18455

8217

2079

12319

14370

8229

8231

8233

116790

2102

4154

22588

12351

12353

116804

6216

6218

78

12366

14416

14417

108629

10327

6236

8285

102

8296

2160

4210

12403

106612

100470

14458

100478

12416

8321

100486

12426

10379

118924

12429

6289

6291

10390

20639

4259

6309

2217

4269

20658

6326

8375

4284

6336

20672

10435

2244

100552

4297

8395

4302

2258

116947

2261

8409

20699

10460

108764

223

2272

2274

18660

12517

8422

10469

10479

2289

4339

4345

255

4352

14596

2319

14619

2332

12579

10533

2343

12588

16693

10553

37182

16709

326

2377

6476

2381

4428

335

8530

6485

8534

100695

356

6503

6508

4465

100724

2425

16766

8580

6538

396

6547

10646

4504

10649

6556

4513

100778

2475

10667

434

100795

12732

8645

8652

4561

12756

478

8673

8674

6626

8683

2549

6645

8700

12798

2559

513

10754

20999

8713

4618

2571

14860

119308

8714

10765

123401

102933

27157

119320

12824

6682

2587

6692

550

29222

6696

31270

102954

556

18989

107058

14899

1000001

580

2630

583

584

586

4695

2649

119390

4703

6752

33376

16998

117351

6766

12914

8824

4732

8829

105089

29318

10892

659

2709

10905

6818

8869

6824

17068

8879

25265

8882

4790

4793

19135

6848

10948

19143

4807

6863

10962

15068

10973

739

10984

15087

8943

8953

115450

4859

11002

6914

115462

2827

2840

123676

115486

15143

115499

9004

13099

11051

817

6963

115514

101178

4924

9022

9024

2882

2890

15180

17229

11088

6992

853

9046

13143

119641

115546

4958

115551

15198

19301

11113

101229

13173

7030

4990

17278

119679

13185

115586

125836

125837

125838

7056

125841

125848

924

7068

17307

25505

931

5033

9130

941

2990

11185

115650

9156

115653

5061

9157

11206

972

21453

3022

974

11218

7126

984

7128

29660

989

115676

993

119790

119792

119793

7155

15348

5109

1016

115705

15353

115709

19455

11265

13315

11271

9228

9236

11285

9244

33824

11297

5158

27689

7212

17455

107571

1076

115766

1081

3131

7229

1089

1096

5194

3157

7257

1116

3171

1127

5231

7282

9330

5235

9341

5246

9340

5249

5254

9356

3215

115862

5271

7319

1180

21661

15519

115875

115882

95423

13506

1221

5317

124101

5321

124105

7372

3279

124113

17620

5337

101594

5339

5342

5347

3304

124139

124140

3309

124142

124143

124144

124145

9458

1267

5363

17655

13559

124153

1274

9466

1277

1283

21767

115982

13593

116005

118053

9515

13615

1331

1333

1334

5429

11574

32061

15679

105795

13640

103754

3402

25937

5460

105813

25945

13659

7516

7520

11617

5477

17770

116078

5486

7539

1396

13683

19833

7546

101756

5502

7550

46469

5517

7565

5525

9637

93606

107943

17830

9640

105901

1453

1455

120246

1465

3518

9663

1476

17863

24007

3533

5581

1490

120274

3539

11730

5598

3551

122336

3555

13795

105957

5605

101867

3571

9716

116215

1532

103937

3589

15878

5639

105994

1546

1548

1549

3597

5647

5655

118296

7705

120343

1568

3617

30245

3622

15909

5672

1578

120363

1594

5696

1607

1611

15955

97876

101973

7766

1624

5720

13915

5725

11870

5752

7808

9856

1670

7815

104080

118416

7830

3741

16029

5793

1698

106150

118439

102059

40620

1715

3766

7866

3772

16065

116423

7881

11993

3807

18145

1767

9960

5865

18156

5874

24307

1787

12029

3839

104197

1803

3854

1807

10003

20244

20253

5919

28451

3876

108327

18216

7983

10037

7994

5948

7998

16192

100162

12101

3913

10057

1867

10058

10066

8019

1877

5974

108375

5984

3938

22379

10094

8047

12145

100211

3956

3958

12152

8066

14211

6020

14214

8073

12173

10127

6034

3988

12188

1952

36770

8099

14246

16294

4009

1962

10157

100272

4018

12215

116666

12218

4028

8128

4032

6081

18368

1988

10191

20435

6107

12253

118752

2019

6119

2025

104426

2026

24555

100338

8180

18431
